time,x,y,z,phi,theta,psi,x_velocity,y_velocity,z_velocity,phi_velocity,theta_velocity,psi_velocity,rotor_speed1,rotor_speed2,rotor_speed3,rotor_speed4
0.06,-5.030549417066374e-07,1.65601430703934e-08,10.00554884433004,1.8694996427370825e-05,0.00039054869658006197,0.0,-4.1935480824618305e-05,1.6313651039507963e-06,0.18494889760441857,0.0009276358176698449,0.01709314486126203,0.0,463.5262341808292,464.8672559628373,461.90351726561886,461.97664643535427
0.12000000000000001,-1.7667794978792765e-05,1.3488875262066688e-06,10.021241558353138,0.0005317201465464549,0.002470148308144182,0.0,-0.0007151848105752272,7.755727062555964e-05,0.3381078099577874,0.020578398892872933,0.056709942335866695,0.0,452.6455082131365,455.8223842312265,451.98362798859176,453.564222921546
0.18,-0.00013041809190537433,2.351656655625739e-05,10.04642983640437,0.002072837158088703,0.005657334010831683,0.0,-0.003411319986283289,0.0008176702146652859,0.5014419241270285,0.03432346854264354,0.044750496477086885,0.0,456.9788595315752,456.02645419336466,456.3475514101343,457.44332441924433
0.23999999999999996,-0.0004861845818782222,0.00013287443649102014,10.08337941330205,0.0042452568157091974,0.00849639031430982,0.0,-0.008781728873307817,0.0030837326257651602,0.7300894727620973,0.039729676076866935,0.05201096920320964,0.0,475.9159950728526,476.4724834960822,476.14610240226386,476.5599460010783
0.3,-0.0012376739167206403,0.0004334330448335048,10.13420115680598,0.006460476443011842,0.012088947225123547,0.0,-0.01667936436482507,0.007215000410034595,0.9637954883335492,0.03060994775742363,0.07220263755398967,0.0,477.2526880406401,478.7933150805626,478.38345340130655,477.68914026558724
0.36000000000000004,-0.002542133651411386,0.001026394503556254,10.197892490921548,0.008398311866663732,0.016780395269244686,0.0,-0.027326615758413438,0.0127684565735427,1.1590624860796495,0.03547408857222716,0.08806424461046732,0.0,466.95929683000736,468.1993081291057,466.4765020614302,466.85647081532574
0.4200000000000001,-0.0046015331307884995,0.0019999114588540594,10.273375869579677,0.010210505558982064,0.02255506006367458,0.0,-0.04196447555133048,0.0199129982653442,1.3568218856865393,0.01673832437849188,0.10895679330664525,0.0,467.6951794304563,469.32659959978594,468.76740801595764,467.3096268640329
0.48000000000000015,-0.007670397523386874,0.0034356731193023373,10.360306241785901,0.0112111666224326,0.029099134508559388,0.0,-0.0610738110592955,0.02805779749780399,1.5406072320491915,0.016556134400862173,0.10928902199402346,0.0,464.53179169582063,464.5677665637822,464.67155082108974,464.65717175449663
0.5400000000000001,-0.01199263978814281,0.005366469570386405,10.456775633389121,0.011741282790050711,0.03524489094749583,0.0,-0.08368149865386326,0.036389990403842006,1.6748283268483837,-0.014801047079834203,0.0829369604531603,0.0,450.5933599630801,448.4668086277209,451.8824895560482,449.34782114949246
0.6000000000000002,-0.01781317564742996,0.007806269121113293,10.561703033339345,0.010295597898164921,0.04032949597489921,0.0,-0.11087716397296088,0.04482414067161776,1.8225070897699367,-0.05883663570038324,0.08812936664929406,0.0,454.5173194898829,454.9389375974217,456.36054153349323,452.83184853610993
0.6600000000000003,-0.025424267271083042,0.01071927425481497,10.67658220344025,0.00637659150978287,0.04562801138910455,0.0,-0.14341904324126062,0.05185224161913985,2.0064699109729096,-0.0832258394382868,0.08866440558130256,0.0,466.3493705954162,466.3972399765227,466.89564267149643,464.98588291324444
0.7200000000000003,-0.03522076039851827,0.013970151651796513,10.804842640882544,0.0017985470095140954,0.05120457168245007,0.0,-0.18379595198402884,0.05590805301953267,2.2683628681606796,-0.06517339434790226,0.10035468909664196,0.0,489.3411954372063,490.21696134553287,488.67433728012065,490.0139222695563
0.7800000000000004,-0.047315870039437206,0.017346332423716936,10.943665232966085,6.280878338938127,0.05719054475539398,0.0,-0.21996893040234314,0.05622873009015425,2.3588381397230154,-0.07588062700012504,0.0985634917652357,0.0,439.6626151738976,439.52289009461344,439.2320175567704,438.3395146339381
0.8400000000000004,-0.061795281864556455,0.02065126197850865,11.089491034787365,6.276736974492341,0.06302290494981833,0.0,-0.2632972254571428,0.05346850160953717,2.5016749122688453,-0.057982734260458524,0.09434489382362171,0.0,455.28202730534025,454.95222392489154,456.1361233839,457.5595604353544
0.9000000000000005,-0.07906005100142843,0.02369812944064285,11.244765223527487,6.273872276490243,0.06964324772036257,0.0,-0.3128749616588507,0.04774556697418809,2.673688161636119,-0.03263113544903473,0.13106811874054025,0.0,463.1238957289459,466.0128119540573,465.5480333123695,467.5259543913227
0.9600000000000005,-0.09909024051647287,0.026392384512857716,11.405175910315153,6.272387302715256,0.07764308299006295,0.0,-0.35549000205619347,0.04191652148525172,2.673274506882467,-0.012399378738384023,0.1375054742487381,0.0,411.7166784111891,412.30369372525337,410.3179253679442,412.10990541272383
1.0200000000000005,-0.12216873038219171,0.02866620441965759,11.569949251223223,6.271258287981496,0.08563059262598749,0.0,-0.4146503636582714,0.03378580776856319,2.818735877853703,-0.036484812628350106,0.1224987180227767,0.0,459.30279797244873,458.12668545485394,459.50381947424125,457.5904987478072
1.0800000000000005,-0.14915138947759737,0.030396431879885204,11.74550218556492,6.269326351838609,0.09390418819918978,0.0,-0.4856650156416927,0.02365307644084862,3.032380560015603,-0.024771945578500806,0.15809631447927447,0.0,479.1631492102111,481.87692504356136,478.76146932956783,479.65148300362017
1.1400000000000006,-0.18037027752498871,0.03150968413682776,11.931433684357538,6.268043213337442,0.10297750225562385,0.0,-0.5559273046559142,0.013315158793353448,3.1648550915169107,-0.015352960324005866,0.13167941773321729,0.0,457.6816985061733,455.5946978564538,456.87758028736226,457.62794612947465
1.2000000000000006,-0.21586063588381266,0.03199715281721984,12.124008726310375,6.267338536627683,0.11086882469653592,0.0,-0.6278515486059087,0.002858735759201247,3.253950431712485,-0.005360145950863034,0.1312057583285339,0.0,444.5417317646771,444.5187987830031,443.96567486149866,444.7849501978524
1.2600000000000007,-0.256224132963527,0.03178927134469711,12.325425520858975,6.266875093814193,0.11827576787907201,0.0,-0.7184386053705686,-0.009821728319355254,3.4592018636562267,-0.012929443403463145,0.09966719782911142,0.0,481.3411835945764,478.96049286339183,481.11242194032945,480.5390888087934
1.3200000000000007,-0.3016231326614197,0.030886214092657936,12.534397258479947,6.266365555492488,0.12408132796371518,0.0,-0.7954018434733146,-0.020335349743251026,3.5062753000271303,-0.0008365783792019018,0.090201855738971,0.0,434.8124046895371,434.0268771664494,431.7589590826499,432.77816908851753
1.3800000000000008,-0.35263529195194554,0.029226779721860642,12.753217524666987,6.266363800482901,0.12962127141013813,0.0,-0.9055977979557366,-0.034964926080779855,3.786702735176136,0.0015385518168622271,0.09628243014691172,0.0,504.3432427891815,504.7882951773888,503.22565164237625,503.3975550475435
1.4400000000000008,-0.40966634420383363,0.026785187851941658,12.983209504159957,6.266427464006167,0.13538997409524,0.0,-0.995981390501207,-0.04640610586223719,3.879257786937361,8.846778959374483e-05,0.09586906062944639,0.0,450.79903159940574,450.77336721969084,450.409388719685,450.2920672544204
1.5000000000000009,-0.47244774525793526,0.023634927174999862,13.220249623390211,6.2675515811346365,0.14117897441129035,0.0,-1.0972915038513666,-0.05851522697029512,4.021441226115081,0.04164024132693184,0.09768353491154218,0.0,466.306750994631,466.4559455965127,465.5005409400911,468.74102560359466
1.560000000000001,-0.5410535995971462,0.019831949113344554,13.46312255986264,6.2699082573649925,0.14712593786012818,0.0,-1.190108327020128,-0.06801479300294941,4.0739965315664,0.03407806563123301,0.10183527263938891,0.0,439.88525490645543,440.2375006131493,440.63264268747236,440.0077675124445
1.620000000000001,-0.6152843939566497,0.015508728190746397,13.708715986484924,6.272289992337148,0.1534150577198785,0.0,-1.2848116875335427,-0.07588179168846972,4.1121610578851335,0.04905805641324832,0.11019797028875361,0.0,436.4500249346985,437.1572552803594,435.10924812820195,436.36247920049647
1.680000000000001,-0.695491097796638,0.010749883889594634,13.957676310315263,6.275213302665014,0.16008397832907306,0.0,-1.389358820259562,-0.08245421485407027,4.186066385632408,0.048041014815781886,0.11298375231454759,0.0,448.3951922021286,448.6322792258525,448.2195947499749,448.13836497803015
1.740000000000001,-0.7818372142575758,0.005667528107690635,14.209387408462515,6.278515787437998,0.16731432492766984,0.0,-1.4894717911636723,-0.08667587298398098,4.204051270201896,0.06626871470946294,0.13239669660124018,0.0,430.32423628287046,431.9779202388808,430.7206678861223,432.2616952218981
1.8000000000000012,-0.875185080795659,0.0003753818263409601,14.467179508808547,6.282388510964301,0.1751442912192287,0.0,-1.6229080208979922,-0.08927685029310967,4.388051939144212,0.06085634914103607,0.12641055171323826,0.0,483.47214296379803,483.03497610606934,483.7232162494422,483.31811527823595
1.8600000000000012,-0.9767248237327432,-0.004983774727822414,14.735981209657552,0.0033113971300586797,0.18338797713163046,0.0,-1.762531113470602,-0.08891573166858213,4.570984160560554,0.08048101120185241,0.153312404409147,0.0,484.85965336387903,486.89197304874654,483.4095886814153,484.88928339688124
1.9200000000000013,-1.0865954301456895,-0.010227582108263756,15.014397578949257,0.007957208304247843,0.19226634394153397,0.0,-1.9006882877836055,-0.08537249508311068,4.7086612042860185,0.07050274744542401,0.13429509097024753,0.0,474.4231872747749,472.9794303241391,474.0264884537278,473.2633257156809
1.9800000000000013,-1.2042742311802186,-0.015190409105545567,15.297593790552664,0.012005748708453723,0.1998678069991744,0.0,-2.0226384303410865,-0.07968402882577189,4.730833754788401,0.06060917505032011,0.1037064188888262,0.0,440.6506914645545,438.1286773931349,439.9244451504683,439.1077963561431
2.0400000000000014,-1.3301547978062882,-0.019693035149209184,15.585749537699538,0.01619120644533112,0.20583456480065365,0.0,-2.1739218109095293,-0.0699878908642475,4.873437096801624,0.08363027797026366,0.08917229942537935,0.0,478.6947606557639,477.5950244255013,476.487879310616,478.24798005702627
2.1000000000000014,-1.4641152695318276,-0.02360979821937547,15.877034913009782,0.02068289796243228,0.21085982320418672,0.0,-2.2919034435929877,-0.060174416969839516,4.835998330682504,0.044723575434710366,0.06979895957886317,0.0,422.46842465797357,420.80039248166355,424.93389404579204,421.5891507771021
2.1600000000000015,-1.6057915572601893,-0.026816887192651618,16.168603178568368,0.023856139705062063,0.2151233328943034,0.0,-2.4310113344271533,-0.04645963144953902,4.882481699700979,0.0655836521880463,0.0734642940963585,0.0,450.8530805786562,451.15295527430237,448.49276656747264,450.18581583760215
2.2200000000000015,-1.7558948680200674,-0.029137966933594543,16.462881291863273,0.028395244554857868,0.2199111285483717,0.0,-2.5728417489503856,-0.0305201438671679,4.926308932272224,0.09057415619394459,0.09013772083171444,0.0,449.6885026590202,451.0422326663293,449.2870574796658,451.31319629585664
2.2800000000000016,-1.914626109476585,-0.03041118298721432,16.759816016577613,0.03385204871165737,0.2258916245063851,0.0,-2.7187094438602313,-0.011425969319265808,4.9709769135874655,0.09168115513722282,0.1139941901438037,0.0,450.4788217960274,452.4122231593647,451.84943156588804,451.9454671379864
2.3400000000000016,-2.0818429513050845,-0.030495697791839613,17.057683961846212,0.03938302460559839,0.2325035591018363,0.0,-2.8557900029198353,0.009068322949947034,4.957655007898284,0.09316735491651407,0.1012657650009461,0.0,434.4795581665901,433.42188219061524,434.07770916838695,434.20980773102957
2.4000000000000017,-2.2582648999617794,-0.029110907019788843,17.358311921990047,0.04484839888641723,0.23842198220784638,0.0,-3.025457830091927,0.03762290756240142,5.062373501264261,0.08657497771461782,0.09279625740280359,0.0,473.0295730962088,472.38450227749854,472.04797213239436,471.5453246816057
2.4600000000000017,-2.4443394589895635,-0.02602650665401818,17.662468924608802,0.050061674952321056,0.24418094365729193,0.0,-3.177540902312723,0.06563438857064251,5.075738896436227,0.08750619893241816,0.10169165083709784,0.0,445.1699817043651,445.90518593506295,445.2096960451761,445.29212073387765
2.520000000000002,-2.6392368399223542,-0.021254935417586655,17.965701431415333,0.05533561428109479,0.25014137333775466,0.0,-3.319604684647714,0.09383420586024817,5.031822287946827,0.08867269092230175,0.09417079825587858,0.0,427.93542486933785,427.3035230602718,427.19766484044925,427.3038895692679
2.580000000000002,-2.844187512294547,-0.014395734325376885,18.2717711990752,0.061030516771817034,0.2561926970985082,0.0,-3.512564666845088,0.1353358762116742,5.169330175931458,0.10513360888325234,0.11166497256240901,0.0,485.21786640335085,486.5373401520718,484.4885445726449,485.7315060520707
2.640000000000002,-3.0600616258442908,-0.005112339110640611,18.582973984808707,0.06714835383496176,0.26344861252421303,0.0,-3.6838589180265697,0.1746426771075699,5.203391949865949,0.09472794655398172,0.1349374002264007,0.0,455.4121650270256,457.2826548287642,456.1735978733808,455.3504433306172
2.700000000000002,-3.286947019415826,0.006783590983901875,18.89828183254959,0.07322033703310282,0.2715463987787272,0.0,-3.8796775469486144,0.22241493323403913,5.305699393794359,0.11172635861331737,0.13501440661380304,0.0,479.0177411213096,479.0389642589784,478.0708768737413,479.3724776858071
2.760000000000002,-3.5252828730526486,0.02154181315254759,19.21792767565022,0.07960825272887995,0.2803294610220446,0.0,-4.065583827626334,0.27007658271378987,5.348261108821968,0.09304543982012876,0.16271018532432918,0.0,461.6209212276357,463.8202507793911,463.6165350715318,462.1554156909891
2.820000000000002,-3.774285194139364,0.03908347086463242,19.53772071201362,0.08530435275686088,0.2903533090121604,0.0,-4.235348677352399,0.31506769632091114,5.3109855644950175,0.09846650146015729,0.1745857518301098,0.0,439.1239625204857,440.13506760826215,437.89273582975613,438.3513486135368
2.880000000000002,-4.03520114032171,0.0598563582321475,19.86030350303067,0.09155216421398027,0.3009756844809681,0.0,-4.462726927080003,0.377874191649208,5.440153185001151,0.11355269284897629,0.18153767992450595,0.0,492.78635471921723,493.326843543786,491.7102552651532,492.8349972572043
2.940000000000002,-4.309631405132965,0.08441507152188764,20.18932688538701,0.09831949113395577,0.3117165037483778,0.0,-4.685834287677009,0.4412976742256706,5.525836261792024,0.11121690569131754,0.1734252659517428,0.0,482.6339593771863,482.0492969967354,483.43503578283185,483.26914614745135
3.000000000000002,-4.596467462563212,0.11253368725669798,20.5196505726032,0.10471848305852216,0.3217200716812183,0.0,-4.876236322088705,0.49645855460673965,5.4842730785303315,0.09545420217840357,0.14793785174424576,0.0,446.9292519238409,444.8725056976984,445.2550210183725,443.9731129194296
3.0600000000000023,-4.8948211595848505,0.1440283793382505,20.847123263926797,0.11114618572139623,0.3308216459945861,0.0,-5.069674233988675,0.5537936627413981,5.430882024224168,0.12377631615551574,0.15829961370084122,0.0,442.5561725259926,443.4300990509727,441.40106353468093,443.7424979624753
3.1200000000000023,-5.204530895788146,0.17892391697322266,21.17007929892961,0.11865239693249485,0.3400517860352199,0.0,-5.2548253326480046,0.6098970405957842,5.333921973697832,0.1276314475770227,0.14295992481100822,0.0,429.1925516166786,427.91143348930467,429.8530722922667,430.1945174925493
3.1800000000000024,-5.52646762180523,0.21760903971597662,21.489791273461638,0.12622289649632634,0.3491191418801183,0.0,-5.4771394010971735,0.6801465548224063,5.322149068182109,0.12309359455659799,0.16380849866308878,0.0,458.65297480098917,460.32653976681826,458.7577034870855,458.4111050353119
3.2400000000000024,-5.860705677340397,0.26020042979363167,21.80535700238246,0.13376201713232483,0.35853926179334294,0.0,-5.665012097244032,0.7400437536031048,5.196376228067027,0.1303277707416111,0.13775484092644935,0.0,423.324883346219,421.10062196972035,422.1799192398035,422.81903991504237
3.3000000000000025,-6.2080359444019955,0.3070735610521216,22.11764343849922,0.14151361628260606,0.36720679006381296,0.0,-5.913336507677834,0.822925731062206,5.211878804251691,0.12682461018820346,0.15529042624088185,0.0,470.1525080706221,471.5274862612385,471.4312367784719,471.17463480689577
3.3600000000000025,-6.569919232366229,0.35884421064603633,22.429345234511672,0.14892148956905515,0.3764522096340892,0.0,-6.150208672522175,0.9032362887173426,5.177115619362668,0.11572522331056524,0.15157846751083381,0.0,457.74399964737694,457.4701006710598,457.84788749277027,456.9770096735401
3.4200000000000026,-6.9460191597901035,0.41546771687331013,22.738370737182954,0.15590702624602049,0.38565203225212485,0.0,-6.387229586996144,0.9846241815295581,5.122745018357323,0.11778957685607024,0.15661825969979226,0.0,452.64979319979204,453.0769707995246,453.73367339272704,453.91123966659956
3.4800000000000026,-7.335841224481497,0.47680462413874414,23.04233922307008,0.16314243200028233,0.3953100387337285,0.0,-6.60770067784417,1.0603448993732072,5.0088721981769195,0.12566864755761042,0.16848058384905987,0.0,434.3044976496766,435.3237089926999,435.0402090870285,435.7130361943664
3.5400000000000027,-7.740047799866759,0.5431496771748205,23.341637127484347,0.17042227529611242,0.40572882959401646,0.0,-6.866660466592256,1.151551217252506,4.966423500145878,0.11082958614795539,0.18235972079974486,0.0,460.7619752269683,461.8858019368961,462.0630450178692,460.90399188989323
3.6000000000000028,-8.158126652289042,0.6143151416757066,23.633941361616564,0.17683657817437304,0.41648988561684774,0.0,-7.070309489627839,1.2209631006550634,4.77671951484892,0.0976064613031302,0.17253961352293268,0.0,413.0184408385117,412.18486372037347,412.2042587269995,411.0446107863227
3.660000000000003,-8.590563370890457,0.6904781275454056,23.919075640198365,0.1825582966527497,0.4281968512672698,0.0,-7.345094018791107,1.3180057670862728,4.7263043970495096,0.090449775410097,0.2208050385238316,0.0,460.89369832622043,464.7268492647875,463.1327889079055,462.5767161106585
3.720000000000003,-9.03975464070241,0.7725330213829859,24.20106362326981,0.18810689621429688,0.4414077119107649,0.0,-7.628883388093622,1.4172835267036124,4.671643631198164,0.09624750250059179,0.21890524455865987,0.0,464.8708209438741,464.7675534547319,464.7979834802338,465.25904211467315
3.780000000000003,-9.505320226289822,0.8602377042458474,24.477698949924577,0.19390701263168797,0.4544021633161286,0.0,-7.890952275276239,1.506364625648135,4.548304246810844,0.09749716192399767,0.21145916804856377,0.0,445.82417972324146,445.2613676112406,444.13438418444025,444.24488140202936
3.840000000000003,-9.986202659149514,0.9530798808084565,24.745476309841052,0.1993212566943212,0.4674740931876329,0.0,-8.139488355153997,1.5885301130010603,4.376659985660174,0.0689307453190337,0.22829530646326712,0.0,429.8905172331723,431.36342540466853,431.1059621503248,428.6913925574277
3.900000000000003,-10.482865523164572,1.0511307927368512,25.00402726461342,0.20314029410399748,0.4809807256563552,0.0,-8.416923341484814,1.6798078174047602,4.24034656751407,0.05016004472344401,0.21784410362957105,0.0,446.7180605951646,445.91471164291045,445.9260890922917,444.3924691914902
3.960000000000003,-10.995930881219634,1.1544767824976583,25.253303122783915,0.20601861367267915,0.4942472129452158,0.0,-8.68626276060154,1.7649765281913419,4.06770916837285,0.043192937857987126,0.2269359229852207,0.0,435.1933839747132,436.0033490527661,436.11372197573473,435.5326424803364
4.020000000000002,-11.526709964983791,1.2634229201235805,25.494419320865845,0.2091236681993749,0.5077647717872757,0.0,-9.007233983879816,1.866343586531113,3.9676159006610217,0.06492576609350885,0.22179217335073928,0.0,464.64191076699797,464.28631089134495,464.7092568151892,466.41174354447185
4.080000000000001,-12.078318519263789,1.3789327717001023,25.731592102416364,0.21314754031592464,0.5210978986601127,0.0,-9.380368766889587,1.9837246469501044,3.935534262738623,0.07102958220383125,0.22305707672064984,0.0,492.93968929242106,493.0767734856803,492.60547645782725,493.0596280024896
4.14,-12.651759649174346,1.5011805673083063,25.965149565968893,0.21706265711297945,0.5345142093099788,0.0,-9.735040977052483,2.090968036516775,3.847398920329995,0.05002758875027983,0.2246774501475983,0.0,479.31179083532214,479.4805317003693,480.9721538783518,479.3810918188648
4.199999999999998,-13.24604522729171,1.629597234406749,26.192002142146077,0.21983372676165747,0.5479621003007562,0.0,-10.075246366342691,2.189279947678888,3.712305049203697,0.037110569223622915,0.2230188281723597,0.0,469.29782597740495,469.21593553869036,468.6077588184161,467.60335380390575
4.259999999999997,-13.858773358628975,1.7630896329369021,26.406955239789525,0.2231948843540339,0.5611520155624845,0.0,-10.350091285499431,2.2603127739389857,3.4517305502853093,0.07911995070065826,0.2125594820086446,0.0,426.75593466462783,425.9118466987681,424.5246263485706,428.1175076247015
4.319999999999996,-14.490284127063767,1.9015496742468692,26.60925813187808,0.22781193988185944,0.5739946932019064,0.0,-10.700984992089282,2.3547836319816278,3.289588215216676,0.07221868650866284,0.21685589878618222,0.0,466.7662102453917,467.144263357891,467.259438829607,466.7252829840834
4.379999999999995,-15.142179373597905,2.045341677413415,26.800181778856167,0.23272329693385174,0.5867725716536505,0.0,-11.029694888420615,2.4380626474179468,3.072745716847912,0.09629138686932623,0.20377106471704998,0.0,452.0560441296032,451.0438262851952,451.0810287534128,453.026686142451
4.439999999999993,-15.817001182094376,2.1951419177308007,26.982151514228878,0.23860314431965524,0.5985658246171326,0.0,-11.46463611817617,2.5548994093872333,2.989725569600168,0.10120580820269807,0.17548265126658613,0.0,506.35768910833673,504.3498314630931,504.72282315129866,505.0844602484945
4.499999999999992,-16.51553531815551,2.3510322705733424,27.155050742754824,0.24490397304127498,0.6094141621365905,0.0,-11.820541469144551,2.6412320873599047,2.7715948081354997,0.1117052996904395,0.18974264021183815,0.0,462.25720639917427,463.40996822537414,463.91639910124434,464.7494699323288
4.559999999999991,-17.23630229252627,2.5123129047901456,27.31546852896852,0.2511641053414335,0.6206992278850763,0.0,-12.205575597534637,2.734483931465738,2.573232732541011,0.08250756801136942,0.18454866291036062,0.0,476.40097326825855,476.0352810620532,477.551997615803,475.3270686749388
4.6199999999999894,-17.97825178467059,2.6784105771437865,27.46075274452358,0.2557921946417787,0.6318734653328013,0.0,-12.527068726629965,2.80182098520845,2.2680582740701434,0.06333291833788168,0.189412335295977,0.0,440.45184926242655,440.8880363399153,441.77132822106535,440.1913539664494
4.679999999999988,-18.73965488271985,2.8484707481865397,27.587362972575615,0.25908380530183805,0.6432706070617513,0.0,-12.854050016046259,2.866471015782063,1.950697788260936,0.026803624814097628,0.1910094540039336,0.0,440.13091543643884,440.2986170819325,441.57898328931174,438.55567178809116
4.739999999999987,-19.522460804824025,3.0228602078565197,27.696629777487818,0.2607029341809568,0.6548065896740196,0.0,-13.240190574019415,2.9458445562334292,1.689211954440306,0.027346684960528715,0.19466492547259276,0.0,466.74204957806614,467.06142291283146,467.34086165757896,467.38333206455104
4.799999999999986,-20.326331413675884,3.20112254039482,27.786916093292476,0.2629037499388964,0.6665559556110798,0.0,-13.556695392789697,2.995767431638717,1.3188695177941414,0.050771332923368745,0.19803980558914022,0.0,428.43909085332865,428.7650545489606,427.8603116291687,429.8515874378882
4.859999999999984,-21.15004995680872,3.382488169024205,27.855427590558524,0.2656457687053697,0.6781203206789082,0.0,-13.901644628857126,3.049209262255339,0.9629898172489403,0.03290055206937343,0.17920166577606916,0.0,439.3822111348899,437.8533557892736,440.9851169791306,439.5069481420794
4.919999999999983,-21.996498918426223,3.567535542063166,27.90437481816051,0.2672830911685278,0.68860977574586,0.0,-14.314045643319517,3.118256971545455,0.6660064825815413,0.012649207079632262,0.16421141718395652,0.0,468.67618978187573,467.53669330708436,470.89323090804146,469.3234726548775
4.979999999999982,-22.863468114348745,3.755163028479039,27.929872519691518,0.2677069837864474,0.6985579857049684,0.0,-14.58679329457046,3.1356022353424815,0.18308215654583135,-0.007481163155358465,0.16880737530723078,0.0,395.02862167343613,395.482406620313,395.0980873803443,393.2366352539037
5.0399999999999805,-23.74785197626596,3.943956742022149,27.926978679947602,0.267882721023879,0.7086157341569281,0.0,-14.894389350910293,3.156983780409019,-0.28084144112102116,0.018237818798007708,0.16516556459263776,0.0,406.9291286625012,406.63254862243605,405.7762093123366,408.07971358860215
